31367
98889
26842
453
3701
45420
96674
20434
82674
50890
48375
97511
6078
36224
2056
56446
68256
89398
75937
97263
48862
3374
9783
61276
83220
49905
49282
49809
56786
45821
53078
32038
79854
46906
33539
78124
55646
43433
74783
6162
61559
91798
46792
14996
71248
8692
7329
81048
13553
10230
14085
66163
76258
75832
33287
52304
86098
35512
18353
93825
70391
79670
37488
74348
92934
99475
72498
50888
50033
63839
31178
2897
20370
59957
66516
50574
32111
35253
7586
76310
72816
91769
7015
72020
72573
16255
36858
19551
59262
13704
73187
18058
48548
57217
7332
36834
88117
6432
35843
64795